0.02 4 0
0.02 22 0
0.02 31 0
0.02 37 0
0.02 46 0
0.02 49 0
0.03 14 0
0.03 24 0
0.03 31 0
0.03 47 0
0.05 7 0
0.05 17 0
0.05 24 0
0.07 0 0
0.07 10 0
0.07 16 0
0.08 4 0
0.08 10 0
0.10 3 0
0.13 34 0
0.13 33 0
0.18 35 0
0.20 28 0
0.22 19 0
0.23 11 0
0.23 26 0
0.25 3 0
0.25 18 0
0.27 10 0
0.28 2 0
0.32 28 0
0.33 20 0
0.33 32 0
0.35 12 0
0.35 26 0
0.35 34 0
0.37 4 0
0.37 18 0
0.37 29 0
0.38 11 0
0.38 23 0
0.40 3 0
0.40 17 0
0.40 31 0
0.42 11 0
0.42 26 0
0.43 4 0
0.43 19 0
0.43 29 0
0.45 13 0
0.45 23 0
0.45 38 0
0.47 6 0
0.47 17 0
0.47 32 0
0.48 10 0
0.48 26 0
0.50 3 0
0.50 19 0
0.52 11 0
0.53 3 0
0.53 21 0
0.53 33 0
0.55 14 0
0.55 26 0
0.57 5 0
0.57 19 0
0.57 44 0
0.58 11 0
0.58 30 0
0.58 39 0
0.60 4 0
0.60 22 0
0.60 33 0
0.62 15 0
0.62 26 0
0.62 31 0
0.63 6 0
0.63 18 0
0.65 10 0
0.65 19 0
0.65 34 0
0.67 2 0
0.67 11 0
0.67 30 0
0.67 35 0
0.68 23 0
0.68 33 0
0.70 16 0
0.70 27 0
0.72 8 0
0.72 21 0
0.73 -0 0
0.73 12 0
0.75 3 0
0.75 21 0
0.75 32 0
0.75 45 0
0.77 13 0
0.77 25 0
0.77 45 0
0.78 6 0
0.78 18 0
0.78 32 0
0.78 45 0
0.80 10 0
0.80 24 0
0.80 44 0
0.80 45 0
0.82 3 0
0.82 16 0
0.82 28 0
0.82 37 0
0.82 46 0
0.83 8 0
0.83 21 0
0.83 29 0
0.83 42 0
0.85 1 0
0.85 14 0
0.85 21 0
0.85 41 0
0.85 47 0
0.87 7 0
0.87 14 0
0.87 37 0
0.88 1 0
0.88 7 0
0.88 30 0
0.88 48 0
0.90 0 0
0.90 21 0
0.92 13 0
0.92 38 0
0.93 5 0
0.93 37 0
0.98 33 0
1.00 33 0
1.00 33 0
1.02 33 0
1.02 32 0
1.03 22 0
1.03 31 0
1.03 30 0
1.03 31 0
1.05 9 0
1.05 30 0
1.05 30 0
1.07 29 0
1.07 35 0
1.07 45 0
1.08 25 0
1.08 28 0
1.10 14 0
1.10 27 0
1.10 27 0
1.12 2 0
1.12 26 0
1.15 23 0
1.18 21 0
1.18 22 0
1.20 20 0
1.22 19 0
1.23 18 0
1.25 17 0
1.25 36 0
1.27 15 0
1.27 29 0
1.28 6 0
1.28 22 0
1.30 14 0
1.30 30 0
1.32 7 0
1.32 12 0
1.32 23 0
1.33 0 0
1.33 11 0
1.33 15 0
1.33 31 0
1.35 8 0
1.35 36 0
1.37 1 0
1.37 20 0
1.38 12 0
1.38 32 0
1.40 5 0
1.40 26 0
1.42 18 0
1.42 38 0
1.43 11 0
1.43 32 0
1.45 3 0
1.45 26 0
1.47 1 0
1.47 18 0
1.47 30 0
1.48 -0 0
1.48 11 0
1.48 23 0
1.50 -1 0
1.50 4 0
1.50 16 0
1.50 36 0
1.52 8 0
1.52 29 0
1.53 1 0
1.53 22 0
1.55 14 0
1.57 6 0
1.57 23 0
1.58 15 0
1.60 7 0
1.60 18 0
1.62 -1 0
1.62 9 0
1.62 33 0
1.62 -3 0
1.63 1 0
1.63 26 0
1.63 0 0
1.65 19 0
1.67 10 0
1.67 30 0
1.68 2 0
1.68 24 0
1.68 44 0
1.68 45 0
1.70 17 0
1.70 36 0
1.70 45 0
1.72 10 0
1.72 30 0
1.73 2 0
1.73 23 0
1.73 43 0
1.73 23 0
1.75 16 0
1.75 24 0
1.75 31 0
1.77 9 0
1.77 25 0
1.77 42 0
1.78 1 0
1.78 17 0
1.78 27 0
1.78 27 0
1.80 9 0
1.80 28 0
1.80 37 0
1.80 29 0
1.82 1 0
1.82 30 0
1.82 39 0
1.82 30 0
1.83 22 0
1.83 31 0
1.83 38 0
1.83 32 0
1.85 15 0
1.85 33 0
1.85 37 0
1.85 33 0
1.87 7 0
1.87 38 0
1.87 35 0
1.87 36 0
1.88 -1 0
1.88 31 0
1.88 36 0
1.90 22 0
1.90 34 0
1.90 34 0
1.92 12 0
1.92 34 0
1.92 34 0
1.93 3 0
1.93 32 0
1.93 32 0
1.93 33 0
1.95 30 0
1.95 32 0
1.97 20 0
1.97 30 0
1.97 30 0
1.98 9 0
1.98 29 0
1.98 29 0
2.00 30 0
2.00 28 0
2.02 21 0
2.02 27 0
2.02 27 0
2.03 11 0
2.03 26 0
2.03 26 0
2.05 1 0
2.05 25 0
2.05 24 0
2.07 23 0
2.07 37 0
2.07 23 0
2.08 13 0
2.08 22 0
2.08 30 0
2.08 22 0
2.10 4 0
2.10 21 0
2.12 12 0
2.12 33 0
2.13 2 0
2.13 23 0
2.15 13 0
2.17 3 0
2.17 16 0
2.20 13 0
2.23 11 0
2.25 9 0
2.27 8 0
2.27 27 0
2.28 7 0
2.28 19 0
2.30 5 0
2.30 11 0
2.30 25 0
2.32 3 0
2.32 17 0
2.32 30 0
2.33 3 0
2.33 8 0
2.33 22 0
2.35 13 0
2.37 6 0
2.37 29 0
2.38 21 0
2.40 13 0
2.40 28 0
2.42 5 0
2.42 20 0
2.43 11 0
2.43 37 0
2.45 3 0
2.45 30 0
2.47 23 0
2.48 16 0
2.48 45 0
2.50 8 0
2.53 35 0
2.55 30 0
2.57 23 0
2.58 11 0
2.60 17 0
2.62 2 0
2.62 27 0
2.63 12 0
2.65 4 0
2.65 23 0
2.67 10 0
2.67 16 0
2.67 32 0
2.68 10 0
2.68 25 0
2.70 3 0
2.70 18 0
2.72 11 0
2.72 39 0
2.73 4 0
2.73 34 0
2.75 28 0
2.77 21 0
2.78 14 0
2.78 20 0
2.83 24 0
2.87 20 0
2.88 33 0
2.90 25 0
2.92 17 0
2.92 33 0
2.92 30 0
2.93 9 0
2.93 27 0
2.93 31 0
2.95 5 0
2.95 18 0
2.97 2 0
2.97 13 0
2.97 32 0
2.97 33 0
2.98 1 0
2.98 10 0
2.98 26 0
3.00 7 0
3.00 21 0
3.00 40 0
3.02 5 0
3.02 17 0
3.02 34 0
3.02 36 0
3.03 1 0
3.03 12 0
3.03 28 0
3.03 28 0
3.05 8 0
3.05 22 0
3.05 48 0
3.05 22 0
3.07 2 0
3.07 16 0
3.07 45 0
3.07 48 0
3.08 11 0
3.08 47 0
3.10 6 0
3.10 21 0
3.10 46 0
3.12 1 0
3.12 15 0
3.12 46 0
3.13 9 0
3.13 44 0
3.13 45 0
3.15 28 0
3.15 45 0
3.17 9 0
3.17 20 0
3.17 45 0
3.17 45 0
3.17 46 0
3.18 14 0
3.18 29 0
3.18 44 0
3.18 47 0
3.20 4 0
3.20 23 0
3.20 40 0
3.20 48 0
3.22 15 0
3.22 32 0
3.22 48 0
3.22 33 0
3.23 7 0
3.23 25 0
3.23 26 0
3.25 0 0
3.25 17 0
3.27 9 0
3.27 43 0
3.28 1 0
3.28 36 0
3.28 37 0
3.28 36 0
3.30 28 0
3.30 38 0
3.30 28 0
3.32 18 0
3.32 26 0
3.32 38 0
3.33 8 0
3.33 36 0
3.33 36 0
3.35 36 0
3.35 35 0
3.37 35 0
3.37 35 0
3.38 33 0
3.38 48 0
3.38 33 0
3.40 33 0
3.40 33 0
3.42 32 0
3.42 32 0
3.43 31 0
3.43 31 0
3.43 32 0
3.45 30 0
3.45 38 0
3.45 44 0
3.45 30 0
3.45 31 0
3.47 29 0
3.47 36 0
3.47 29 0
3.48 25 0
3.48 29 0
3.48 48 0
3.48 28 0
3.50 12 0
3.50 27 0
3.50 41 0
3.50 28 0
3.52 0 0
3.52 27 0
3.52 46 0
3.52 27 0
3.53 26 0
3.53 45 0
3.53 49 0
3.53 25 0
3.55 45 0
3.55 45 0
3.55 24 0
3.57 47 0
3.57 24 0
3.58 22 0
3.58 46 0
3.58 43 0
3.58 35 0
3.60 21 0
3.60 46 0
3.62 20 0
3.62 46 0
3.63 44 0
3.63 45 0
3.65 30 0
3.67 17 0
3.67 34 0
3.68 16 0
3.68 24 0
3.68 42 0
3.68 27 0
3.70 13 0
3.70 40 0
3.72 2 0
3.72 39 0
3.73 38 0
3.75 12 0
3.75 37 0
3.75 43 0
3.77 36 0
3.79 36 0
3.79 36 0
3.80 39 0
3.80 34 0
3.80 35 0
3.82 35 0
3.82 33 0
3.84 30 0
3.84 31 0
3.85 24 0
3.85 39 0
3.85 26 0
3.87 18 0
3.87 30 0
3.87 31 0
3.89 10 0
3.89 40 0
3.89 36 0
3.90 5 0
3.90 35 0
3.90 -0 0
3.90 33 0
3.92 29 0
3.92 31 0
3.94 24 0
3.94 25 0
3.94 33 0
3.95 16 0
3.95 33 0
3.97 -2 0
3.97 9 0
3.97 29 0
3.97 30 0
3.97 32 0
3.99 22 0
3.99 30 0
3.99 29 0
3.99 30 0
4.00 15 0
4.00 29 0
4.00 29 0
4.02 8 0
4.04 26 0
4.04 25 0
4.04 26 0
4.07 35 0
4.09 29 0
4.10 22 0
4.10 36 0
4.12 16 0
4.12 30 0
4.14 8 0
4.14 25 0
4.15 1 0
4.15 7 0
4.15 18 0
4.15 36 0
4.17 13 0
4.17 30 0
4.19 5 0
4.19 23 0
4.20 2 0
4.20 16 0
4.22 1 0
4.22 11 0
4.24 0 0
4.24 8 0
4.25 3 0
4.27 6 0
4.27 15 0
4.27 29 0
4.29 5 0
4.29 25 0
4.30 2 0
4.30 17 0
4.32 14 0
4.34 -0 0
4.34 9 0
4.34 37 0
4.35 -2 0
4.35 4 0
4.35 28 0
4.37 18 0
4.39 9 0
4.40 0 0
4.40 35 0
4.42 28 0
4.44 19 0
4.45 10 0
4.47 1 0
4.49 23 0
4.50 14 0
4.52 4 0
4.52 30 0
4.54 15 0
4.54 23 0
4.54 37 0
4.55 15 0
4.55 31 0
4.57 6 0
4.57 25 0
4.59 18 0
4.60 12 0
4.62 5 0
4.64 22 0
4.64 22 0
4.65 40 0
4.67 35 0
4.69 27 0
4.69 26 0
4.70 19 0
4.72 11 0
4.72 28 0
4.72 28 0
4.74 3 0
4.74 20 0
4.74 29 0
4.74 47 0
4.74 30 0
4.75 12 0
4.75 28 0
4.75 31 0
4.77 4 0
4.77 20 0
4.79 11 0
4.80 2 0
4.80 42 0
4.82 37 0
4.82 33 0
4.84 30 0
4.84 31 0
4.85 22 0
4.85 26 0
4.87 14 0
4.89 6 0
4.89 28 0
4.90 20 0
4.92 13 0
4.92 34 0
4.94 5 0
4.94 27 0
4.95 20 0
4.97 13 0
4.99 5 0
4.99 22 0
5.00 15 0
5.00 33 0
5.02 8 0
5.02 27 0
5.02 46 0
5.04 20 0
5.04 32 0
5.04 46 0
5.05 10 0
5.05 26 0
5.05 46 0
5.07 6 0
5.07 19 0
5.07 40 0
5.09 11 0
5.09 33 0
5.10 4 0
5.10 29 0
5.12 23 0
5.12 41 0
5.14 17 0
5.15 10 0
5.17 3 0
5.20 14 0
5.22 6 0
5.24 45 0
5.25 44 0
5.34 27 0
5.35 17 0
5.37 7 0
5.39 34 0
5.39 36 0
5.40 26 0
5.42 17 0
5.42 31 0
5.42 45 0
5.44 8 0
5.44 23 0
5.44 32 0
5.44 45 0
5.44 33 0
5.45 13 0
5.45 24 0
5.47 4 0
5.47 14 0
5.49 5 0
5.50 29 0
5.52 29 0
5.52 28 0
5.54 22 0
5.55 12 0
5.57 2 0
5.59 21 0
5.59 40 0
5.60 11 0
5.60 34 0
5.62 2 0
5.62 27 0
5.62 30 0
5.62 36 0
5.64 20 0
5.64 31 0
5.64 34 0
5.65 12 0
5.65 33 0
5.65 32 0
5.65 34 0
5.67 5 0
5.67 17 0
5.67 33 0
5.67 33 0
5.69 8 0
5.69 32 0
5.69 32 0
5.70 24 0
5.70 36 0
5.72 16 0
5.72 29 0
5.72 30 0
5.74 8 0
5.74 21 0
5.75 11 0
5.77 2 0
5.77 33 0
5.79 26 0
5.80 19 0
5.80 45 0
5.82 11 0
5.82 33 0
5.82 46 0
5.84 4 0
5.84 27 0
5.84 47 0
5.85 20 0
5.85 48 0
5.85 21 0
5.87 13 0
5.87 26 0
5.87 49 0
5.89 6 0
5.89 18 0
5.90 11 0
5.90 17 0
5.90 30 0
5.90 41 0
5.92 3 0
5.92 24 0
5.92 36 0
5.94 16 0
5.94 30 0
5.95 8 0
5.95 24 0
5.95 25 0
5.97 0 0
5.97 17 0
5.99 10 0
5.99 27 0
6.00 3 0
6.00 20 0
6.02 12 0
6.07 17 0
6.07 21 0
6.09 25 0
6.09 22 0
6.09 27 0
6.10 32 0
6.10 28 0
6.10 31 0
6.10 36 0
6.12 38 0
6.12 40 0
6.12 34 0
6.14 39 0
6.14 40 0
6.15 24 0
6.17 14 0
6.17 37 0
6.19 3 0
6.19 30 0
6.20 20 0
6.20 32 0
6.22 10 0
6.22 23 0
6.24 -1 0
6.24 13 0
6.24 45 0
6.25 3 0
6.25 31 0
6.27 22 0
6.27 43 0
6.29 12 0
6.29 41 0
6.30 2 0
6.30 40 0
6.32 39 0
6.34 37 0
6.35 37 0
6.37 36 0
6.37 36 0
6.39 -3 0
6.39 34 0
6.39 35 0
6.40 33 0
6.40 33 0
6.42 24 0
6.42 32 0
6.42 32 0
6.44 13 0
6.44 31 0
6.44 31 0
6.45 3 0
6.45 27 0
6.45 29 0
6.47 18 0
6.47 34 0
6.49 8 0
6.49 26 0
6.49 27 0
6.50 18 0
6.52 9 0
6.54 -0 0
6.54 27 0
6.55 20 0
6.55 37 0
6.55 45 0
6.55 21 0
6.57 13 0
6.57 32 0
6.59 6 0
6.59 26 0
6.59 35 0
6.60 19 0
6.60 29 0
6.62 11 0
6.62 23 0
6.62 36 0
6.64 4 0
6.64 16 0
6.64 30 0
6.65 9 0
6.65 23 0
6.67 1 0
6.67 11 0
6.67 17 0
6.67 30 0
6.67 43 0
6.69 9 0
6.69 23 0
6.70 1 0
6.70 15 0
6.72 8 0
6.74 1 0
6.74 45 0
6.74 48 0
6.75 45 0
6.79 42 0
6.80 28 0
6.80 36 0
6.80 43 0
6.80 28 0
6.82 20 0
6.82 26 0
6.82 30 0
6.82 25 0
6.82 27 0
6.84 11 0
6.84 22 0
6.84 27 0
6.84 26 0
6.85 3 0
6.85 14 0
6.85 27 0
6.85 40 0
6.85 27 0
6.85 28 0
6.87 5 0
6.87 30 0
6.87 41 0
6.87 30 0
6.89 23 0
6.89 37 0
6.89 22 0
6.90 15 0
6.90 31 0
6.90 41 0
6.90 33 0
6.92 6 0
6.92 24 0
6.92 36 0
6.92 34 0
6.94 17 0
6.94 31 0
6.94 39 0
6.94 36 0
6.95 11 0
6.95 24 0
6.95 36 0
6.97 4 0
6.97 17 0
6.97 28 0
6.97 37 0
6.97 48 0
6.97 36 0
6.99 10 0
6.99 22 0
6.99 35 0
6.99 48 0
6.99 36 0
7.00 3 0
7.00 15 0
7.00 34 0
7.02 10 0
7.02 28 0
7.02 34 0
7.02 46 0
7.02 33 0
7.04 2 0
7.04 9 0
7.04 22 0
7.04 33 0
7.04 45 0
7.04 33 0
7.05 15 0
7.05 32 0
7.05 45 0
7.05 32 0
7.07 8 0
7.09 2 0
7.09 30 0
7.09 34 0
7.09 31 0
7.10 27 0
7.10 29 0
7.12 -2 0
7.12 17 0
7.14 0 0
7.14 8 0
7.14 27 0
7.14 28 0
7.15 0 0
7.15 26 0
7.15 0 0
7.15 27 0
7.17 26 0
7.17 26 0
7.19 24 0
7.20 24 0
7.20 24 0
7.25 31 0
7.27 26 0
7.29 21 0
7.30 21 0
7.32 10 0
7.32 22 0
7.32 42 0
7.34 5 0
7.34 17 0
7.34 21 0
7.34 30 0
7.35 11 0
7.35 15 0
7.35 25 0
7.35 32 0
7.37 5 0
7.37 14 0
7.37 20 0
7.37 28 0
7.39 15 0
7.39 23 0
7.40 9 0
7.40 18 0
7.40 29 0
7.40 47 0
7.42 3 0
7.42 13 0
7.42 24 0
7.44 6 0
7.44 10 0
7.44 19 0
7.44 39 0
7.44 41 0
7.44 36 0
7.45 -0 0
7.45 11 0
7.45 34 0
7.45 31 0
7.45 34 0
7.47 5 0
7.47 29 0
7.47 30 0
7.49 23 0
7.49 22 0
7.49 26 0
7.50 17 0
7.50 35 0
7.50 47 0
7.52 9 0
7.52 30 0
7.52 47 0
7.54 2 0
7.54 24 0
7.54 47 0
7.54 -0 0
7.55 3 0
7.55 18 0
7.55 28 0
7.55 47 0
7.57 2 0
7.57 11 0
7.57 22 0
7.57 34 0
7.57 47 0
7.57 36 0
7.59 1 0
7.59 5 0
7.59 15 0
7.59 29 0
7.59 45 0
7.60 8 0
7.60 23 0
7.60 47 0
7.60 34 0
7.62 1 0
7.62 17 0
7.62 31 0
7.62 45 0
7.64 10 0
7.64 25 0
7.65 4 0
7.65 19 0
7.67 13 0
7.69 6 0
7.69 20 0
7.69 33 0
7.70 -0 0
7.70 14 0
7.70 27 0
7.70 27 0
7.72 8 0
7.72 22 0
7.74 2 0
7.74 16 0
7.75 10 0
7.75 23 0
7.75 34 0
7.77 4 0
7.77 29 0
7.79 23 0
7.79 37 0
7.80 16 0
7.80 33 0
7.82 7 0
7.82 13 0
7.82 28 0
7.84 6 0
7.84 22 0
7.84 35 0
7.85 -1 0
7.85 16 0
7.85 30 0
7.87 9 0
7.87 25 0
7.89 3 0
7.89 19 0
7.89 30 0
7.90 12 0
7.90 24 0
7.92 6 0
7.92 17 0
7.92 31 0
7.94 11 0
7.94 24 0
7.95 4 0
7.95 18 0
7.97 12 0
7.97 31 0
7.99 5 0
7.99 25 0
8.00 19 0
8.02 12 0
8.02 27 0
8.04 5 0
8.04 21 0
8.04 36 0
8.05 14 0
8.05 31 0
8.07 7 0
8.07 25 0
8.07 37 0
8.09 18 0
8.09 32 0
8.10 -1 0
8.10 11 0
8.10 25 0
8.12 5 0
8.12 18 0
8.14 11 0
8.14 24 0
8.14 34 0
8.15 4 0
8.15 17 0
8.15 28 0
8.17 7 0
8.17 22 0
8.19 2 0
8.19 15 0
8.20 8 0
8.20 44 0
8.22 1 0
8.22 38 0
8.22 39 0
8.24 18 0
8.24 33 0
8.24 33 0
8.25 10 0
8.25 26 0
8.25 40 0
8.25 28 0
8.27 3 0
8.27 19 0
8.27 34 0
8.27 22 0
8.27 34 0
8.29 12 0
8.29 27 0
8.29 28 0
8.30 4 0
8.30 20 0
8.30 22 0
8.32 13 0
8.32 30 0
8.34 5 0
8.34 24 0
8.35 17 0
8.35 37 0
8.37 9 0
8.37 32 0
8.37 45 0
8.39 1 0
8.39 25 0
8.39 26 0
8.39 28 0
8.40 18 0
8.42 10 0
8.42 49 0
8.42 32 0
8.44 3 0
8.44 30 0
8.45 24 0
8.45 36 0
8.45 47 0
8.45 35 0
8.47 17 0
8.47 31 0
8.47 46 0
8.49 10 0
8.49 25 0
8.49 38 0
8.49 45 0
8.50 3 0
8.50 18 0
8.50 41 0
8.52 11 0
8.52 36 0
8.52 41 0
8.54 3 0
8.54 30 0
8.55 25 0
8.55 23 0
8.57 19 0
8.57 45 0
8.57 32 0
8.59 11 0
8.59 25 0
8.59 46 0
8.60 4 0
8.60 18 0
8.60 30 0
8.60 29 0
8.62 10 0
8.62 22 0
8.62 29 0
8.62 29 0
8.64 3 0
8.64 14 0
8.64 32 0
8.64 31 0
8.64 33 0
8.65 7 0
8.65 25 0
8.65 32 0
8.65 32 0
8.67 0 0
8.67 16 0
8.69 8 0
8.69 40 0
8.70 35 0
8.70 36 0
8.72 29 0
8.74 23 0
8.74 38 0
8.75 16 0
8.75 33 0
8.77 10 0
8.77 27 0
8.77 38 0
8.79 4 0
8.79 21 0
8.79 32 0
8.80 14 0
8.80 27 0
8.82 8 0
8.82 21 0
8.84 1 0
8.84 14 0
8.85 7 0
8.85 14 0
8.85 27 0
8.87 0 0
8.87 19 0
8.89 12 0
8.89 32 0
8.90 5 0
8.90 24 0
8.90 46 0
8.90 48 0
8.92 15 0
8.92 36 0
8.92 49 0
8.94 6 0
8.94 30 0
8.95 22 0
8.95 48 0
8.97 14 0
8.99 6 0
8.99 42 0
9.00 36 0
9.00 34 0
9.00 36 0
9.02 29 0
9.02 28 0
9.02 33 0
9.04 21 0
9.04 25 0
9.05 12 0
9.07 5 0
9.14 34 0
9.15 28 0
9.15 35 0
9.17 21 0
9.19 13 0
9.19 31 0
9.20 5 0
9.20 24 0
9.20 38 0
9.22 17 0
9.22 33 0
9.24 9 0
9.24 28 0
9.25 1 0
9.25 21 0
9.25 36 0
9.27 13 0
9.27 30 0
9.29 6 0
9.29 24 0
9.30 16 0
9.32 8 0
9.32 25 0
9.34 0 0
9.34 18 0
9.34 33 0
9.34 45 0
9.35 10 0
9.35 27 0
9.37 1 0
9.37 19 0
9.39 11 0
9.40 2 0
9.42 39 0
9.44 32 0
9.44 33 0
9.45 23 0
9.45 26 0
9.45 36 0
9.47 15 0
9.47 41 0
9.49 5 0
9.49 20 0
9.49 36 0
9.49 33 0
9.50 11 0
9.50 26 0
9.50 32 0
9.50 31 0
9.52 1 0
9.52 17 0
9.52 26 0
9.54 8 0
9.54 19 0
9.54 33 0
9.55 1 0
9.55 11 0
9.55 26 0
9.55 27 0
9.57 3 0
9.57 16 0
9.59 9 0
9.59 25 0
9.59 40 0
9.60 1 0
9.60 18 0
9.60 34 0
9.62 9 0
9.62 27 0
9.64 19 0
9.65 11 0
9.65 36 0
9.67 2 0
9.67 30 0
9.67 43 0
9.69 23 0
9.69 38 0
9.70 15 0
9.70 33 0
9.72 8 0
9.72 26 0
9.74 1 0
9.74 20 0
9.75 12 0
9.75 30 0
9.77 4 0
9.77 22 0
9.79 13 0
9.80 4 0
9.80 29 0
9.82 21 0
9.84 12 0
9.85 3 0
9.87 38 0
9.89 28 0
9.89 38 0
9.90 21 0
9.92 14 0
9.92 36 0
9.94 6 0
9.94 23 0
9.94 35 0
9.95 -1 0
9.95 14 0
9.95 31 0
9.97 7 0
9.97 23 0
9.97 33 0
9.99 -1 0
9.99 15 0
10.00 6 0
10.00 30 0
10.00 32 0
10.02 23 0
10.02 31 0
10.02 24 0
10.04 14 0
10.04 30 0
10.04 30 0
10.05 5 0
10.07 28 0
10.07 32 0
10.09 22 0
10.09 27 0
10.09 42 0
10.10 12 0
10.10 26 0
10.12 3 0
10.12 28 0
10.14 19 0
10.14 34 0
10.15 9 0
10.15 26 0
10.17 17 0
10.17 22 0
10.19 7 0
10.19 21 0
10.24 29 0
10.24 31 0
10.25 21 0
10.27 14 0
10.29 5 0
10.29 25 0
10.30 16 0
10.32 8 0
10.32 12 0
10.32 48 0
10.34 0 0
10.34 33 0
10.34 30 0
10.35 10 0
10.35 26 0
10.35 29 0
10.37 19 0
10.37 46 0
10.39 11 0
10.40 3 0
10.42 30 0
10.44 21 0
10.45 12 0
10.47 3 0
10.47 30 0
10.49 22 0
10.50 1 0
10.50 13 0
10.52 3 0
10.52 22 0
10.52 -0 0
10.54 12 0
10.55 4 0
10.59 8 0
10.59 33 0
10.60 28 0
10.60 40 0
10.60 31 0
10.62 18 0
10.62 31 0
10.62 30 0
10.64 8 0
10.64 22 0
10.65 12 0
10.67 1 0
10.69 31 0
10.70 23 0
10.70 24 0
10.72 16 0
10.72 35 0
10.74 5 0
10.74 27 0
10.75 19 0
10.77 9 0
10.79 0 0
10.80 20 0
10.82 12 0
10.82 30 0
10.84 3 0
10.84 23 0
10.85 15 0
10.87 7 0
10.87 27 0
10.87 29 0
10.89 -1 0
10.89 18 0
10.90 9 0
10.90 37 0
10.92 30 0
10.92 32 0
10.94 21 0
10.94 45 0
10.95 13 0
10.95 40 0
10.97 4 0
10.97 35 0
10.97 35 0
10.99 29 0
10.99 36 0
11.00 22 0
11.00 31 0
11.02 15 0
11.02 24 0
11.04 7 0
11.04 17 0
11.05 -0 0
11.05 9 0
11.07 24 0
11.09 6 0
11.09 16 0
11.09 36 0
11.10 12 0
11.10 30 0
11.12 -1 0
11.12 22 0
11.12 37 0
11.12 45 0
11.12 22 0
11.14 15 0
11.14 29 0
11.14 45 0
11.14 28 0
11.15 7 0
11.15 24 0
11.15 35 0
11.15 34 0
11.15 46 0
11.15 34 0
11.17 -1 0
11.17 18 0
11.17 31 0
11.19 10 0
11.19 25 0
11.20 2 0
11.20 17 0
11.22 9 0
11.22 37 0
11.22 49 0
11.24 1 0
11.24 29 0
11.25 21 0
11.25 31 0
11.27 13 0
11.27 22 0
11.29 5 0
11.29 14 0
11.29 32 0
11.30 6 0
11.30 25 0
11.32 16 0
11.32 34 0
11.34 8 0
11.34 26 0
11.36 1 0
11.36 17 0
11.37 8 0
11.39 26 0
11.41 17 0
11.41 35 0
11.42 8 0
11.42 27 0
11.44 18 0
11.44 27 0
11.46 9 0
11.46 18 0
11.47 1 0
11.47 9 0
11.47 38 0
11.49 31 0
11.51 24 0
11.51 47 0
11.52 16 0
11.52 44 0
11.54 7 0
11.54 17 0
11.54 39 0
11.54 40 0
11.56 -1 0
11.56 8 0
11.56 34 0
11.56 35 0
11.57 30 0
11.57 32 0
11.59 24 0
11.59 37 0
11.59 26 0
11.61 18 0
11.61 32 0
11.61 21 0
11.62 12 0
11.62 28 0
11.62 38 0
11.62 45 0
11.64 5 0
11.64 23 0
11.64 33 0
11.64 40 0
11.66 16 0
11.66 29 0
11.66 36 0
11.67 9 0
11.67 23 0
11.67 30 0
11.69 2 0
11.69 16 0
11.69 25 0
11.71 9 0
11.71 18 0
11.71 34 0
11.72 1 0
11.72 11 0
11.72 28 0
11.72 38 0
11.72 27 0
11.74 5 0
11.74 22 0
11.74 33 0
11.76 15 0
11.76 27 0
11.76 30 0
11.77 8 0
11.77 21 0
11.77 35 0
11.79 1 0
11.79 14 0
11.79 30 0
11.79 32 0
11.81 7 0
11.81 24 0
11.81 36 0
11.81 33 0
11.82 18 0
11.82 31 0
11.84 0 0
11.84 12 0
11.84 25 0
11.84 38 0
11.84 36 0
11.86 6 0
11.86 19 0
11.86 33 0
11.86 45 0
11.87 12 0
11.87 27 0
11.87 40 0
11.87 45 0
11.89 4 0
11.89 21 0
11.89 35 0
11.91 14 0
11.91 29 0
11.92 8 0
11.92 24 0
11.92 36 0
11.94 1 0
11.94 17 0
11.94 30 0
11.94 42 0
11.96 10 0
11.96 24 0
11.96 45 0
11.97 4 0
11.97 11 0
11.97 18 0
11.97 44 0
11.97 45 0
11.99 12 0
11.99 31 0
12.01 6 0
12.01 24 0
12.01 46 0
12.02 18 0
12.04 12 0
12.04 16 0
12.04 34 0
12.06 7 0
12.06 29 0
12.06 38 0
12.07 -0 0
12.07 22 0
12.07 33 0
12.07 33 0
12.09 18 0
12.09 29 0
12.09 32 0
12.11 11 0
12.11 22 0
12.11 36 0
12.12 4 0
12.12 15 0
12.12 23 0
12.12 32 0
12.12 23 0
12.12 30 0
12.12 35 0
12.14 9 0
12.14 26 0
12.14 24 0
12.16 1 0
12.16 19 0
12.16 26 0
12.16 25 0
12.16 27 0
12.17 12 0
12.17 27 0
12.17 41 0
12.17 28 0
12.17 32 0
12.19 6 0
12.19 28 0
12.19 30 0
12.21 21 0
12.21 28 0
12.21 31 0
12.22 14 0
12.22 20 0
12.22 33 0
12.22 32 0
12.24 9 0
12.24 26 0
12.24 32 0
12.24 27 0
12.24 33 0
12.26 4 0
12.26 20 0
12.26 33 0
12.26 42 0
12.26 34 0
12.27 1 0
12.27 15 0
12.27 24 0
12.27 35 0
12.27 25 0
12.29 12 0
12.29 24 0
12.29 29 0
12.29 36 0
12.29 24 0
12.31 9 0
12.31 23 0
12.31 37 0
12.31 23 0
12.32 7 0
12.32 17 0
12.34 5 0
12.34 12 0
12.34 36 0
12.36 3 0
12.36 30 0
12.36 40 0
12.37 24 0
12.39 17 0
12.41 11 0
12.41 28 0
12.42 5 0
12.42 22 0
12.42 44 0
12.44 15 0
12.44 27 0
12.44 44 0
12.46 9 0
12.46 21 0
12.47 3 0
12.47 10 0
12.47 15 0
12.49 8 0
12.51 3 0
12.51 13 0
12.51 27 0
12.51 49 0
12.52 20 0
12.54 12 0
12.56 5 0
12.56 27 0
12.57 20 0
12.59 13 0
12.59 27 0
12.61 4 0
12.61 20 0
12.62 12 0
12.62 30 0
12.64 4 0
12.64 31 0
12.66 25 0
12.66 23 0
12.67 18 0
12.69 11 0
12.69 30 0
12.69 30 0
12.71 3 0
12.71 25 0
12.71 36 0
12.71 28 0
12.72 -1 0
12.72 19 0
12.72 31 0
12.72 29 0
12.72 33 0
12.74 14 0
12.74 27 0
12.76 7 0
12.76 21 0
12.76 34 0
12.76 45 0
12.76 32 0
12.77 1 0
12.77 16 0
12.77 45 0
12.79 11 0
12.79 44 0
12.81 5 0
12.81 21 0
12.81 45 0
12.81 36 0
12.82 0 0
12.82 15 0
12.82 46 0
12.84 10 0
12.84 35 0
12.86 4 0
12.86 29 0
12.86 40 0
12.87 24 0
12.87 35 0
12.87 44 0
12.89 17 0
12.89 30 0
12.89 40 0
12.89 45 0
12.91 11 0
12.91 24 0
12.91 36 0
12.92 4 0
12.92 17 0
12.92 29 0
12.92 35 0
12.92 34 0
12.94 9 0
12.94 22 0
12.94 37 0
12.94 45 0
12.94 33 0
12.96 2 0
12.96 15 0
12.96 32 0
12.96 32 0
12.97 8 0
12.97 26 0
12.97 32 0
12.97 31 0
12.97 32 0
12.99 1 0
12.99 20 0
12.99 30 0
12.99 30 0
12.99 31 0
13.01 13 0
13.01 31 0
13.01 29 0
13.01 30 0
13.02 7 0
13.02 26 0
13.02 27 0
13.02 29 0
13.04 0 0
13.04 18 0
13.04 26 0
13.06 11 0
13.07 2 0
13.07 24 0
13.09 32 0
13.11 24 0
13.12 15 0
13.14 6 0
13.16 17 0
13.16 31 0
13.17 16 0
13.17 22 0
13.19 12 0
