0.15 45 0
0.17 41 0
0.17 47 0
0.18 14 0
0.18 44 0
0.20 23 0
0.20 39 0
0.22 33 0
0.25 47 0
0.27 4 0
0.27 45 0
0.28 14 0
0.28 40 0
0.30 34 0
0.30 45 0
0.32 39 0
0.32 44 0
0.33 39 0
0.35 45 0
0.37 41 0
0.37 47 0
0.38 36 0
0.38 45 0
0.40 5 0
0.40 40 0
0.42 34 0
0.42 47 0
0.43 43 0
0.47 45 0
0.48 40 0
0.48 47 0
0.50 34 0
0.50 44 0
0.52 28 0
0.52 38 0
0.53 46 0
0.55 43 0
0.57 37 0
0.57 47 0
0.58 44 0
0.60 39 0
0.62 33 0
0.62 46 0
0.63 27 0
0.63 43 0
0.65 36 0
0.65 44 0
0.67 39 0
0.67 47 0
0.68 4 0
0.68 44 0
0.70 39 0
0.70 46 0
0.72 33 0
0.72 43 0
0.73 28 0
0.73 38 0
0.73 47 0
0.75 38 0
0.75 44 0
0.77 41 0
0.78 41 0
0.80 35 0
0.85 44 0
1.00 42 0
1.05 43 0
1.13 6 0
1.17 7 0
1.18 17 0
1.18 37 0
1.20 27 0
1.22 36 0
1.22 46 0
1.23 42 0
1.25 47 0
1.27 43 0
1.28 37 0
1.30 45 0
1.32 41 0
1.33 47 0
1.37 41 0
1.38 45 0
1.40 0 0
1.40 43 0
1.42 9 0
1.42 46 0
1.43 19 0
1.43 42 0
1.45 36 0
1.47 46 0
1.48 42 0
1.52 14 0
1.52 44 0
1.53 37 0
1.53 46 0
1.55 31 0
1.55 40 0
1.57 33 0
1.58 26 0
1.58 44 0
1.60 39 0
1.62 46 0
1.63 42 0
1.65 36 0
1.67 45 0
1.68 41 0
1.70 46 0
1.72 42 0
1.73 37 0
1.77 46 0
1.78 42 0
1.85 45 0
1.92 45 0
1.93 18 0
1.93 38 0
1.95 47 0
1.97 44 0
1.98 38 0
2.02 45 0
2.03 39 0
2.05 31 0
2.05 43 0
2.08 46 0
2.10 41 0
2.17 -2 0
2.22 46 0
2.23 41 0
2.25 35 0
2.25 45 0
2.27 40 0
2.28 33 0
2.28 44 0
2.30 38 0
2.32 47 0
2.33 42 0
2.35 36 0
2.35 47 0
2.37 43 0
2.38 36 0
2.40 46 0
2.42 42 0
2.45 -2 0
2.47 8 0
2.50 45 0
2.52 41 0
2.53 46 0
2.55 42 0
2.57 37 0
2.58 31 0
2.58 46 0
2.60 42 0
2.62 47 0
2.63 37 0
2.65 42 0
2.67 45 0
2.70 44 0
2.72 16 0
2.75 3 0
2.77 12 0
2.80 7 0
2.82 -0 0
2.82 15 0
2.82 46 0
2.83 39 0
2.85 31 0
2.85 46 0
2.87 41 0
2.88 8 0
2.88 46 0
2.90 13 0
2.90 40 0
2.93 45 0
2.95 39 0
2.97 43 0
2.98 45 0
3.02 47 0
3.03 44 0
3.05 39 0
3.07 34 0
3.08 28 0
3.10 46 0
3.12 42 0
3.13 35 0
3.13 46 0
3.15 3 0
3.15 43 0
3.17 36 0
3.18 45 0
3.23 38 0
3.25 44 0
3.27 47 0
3.28 11 0
3.32 1 0
3.35 14 0
3.37 22 0
3.38 6 0
3.38 30 0
3.40 16 0
3.40 16 0
3.40 37 0
3.42 25 0
3.42 45 0
3.43 1 0
3.43 34 0
3.45 6 0
3.47 12 0
3.48 18 0
3.50 4 0
3.50 25 0
3.52 9 0
3.53 15 0
3.55 10 0
3.55 22 0
3.57 25 0
3.58 33 0
3.60 28 0
3.60 39 0
3.62 35 0
3.62 44 0
3.63 3 0
3.63 24 0
3.63 47 0
3.65 10 0
3.65 30 0
3.65 42 0
3.70 32 0
3.72 37 0
3.73 42 0
3.75 46 0
3.77 44 0
3.79 42 0
3.85 46 0
3.87 43 0
3.92 44 0
3.94 39 0
3.95 34 0
4.02 47 0
4.04 2 0
4.04 44 0
4.05 40 0
4.07 45 0
4.09 41 0
4.12 4 0
4.12 47 0
4.14 14 0
4.14 42 0
4.15 24 0
4.19 40 0
4.20 34 0
4.22 39 0
4.24 45 0
4.25 38 0
4.30 39 0
4.32 45 0
4.34 19 0
4.35 36 0
4.37 9 0
4.37 47 0
4.39 22 0
4.39 42 0
4.42 7 0
4.42 43 0
4.44 46 0
4.45 27 0
4.45 39 0
4.47 23 0
4.47 32 0
4.47 46 0
4.49 9 0
4.49 42 0
4.50 37 0
4.50 46 0
4.52 42 0
4.55 23 0
4.62 14 0
4.62 47 0
4.64 44 0
4.65 8 0
4.67 45 0
4.69 9 0
4.69 40 0
4.70 34 0
4.70 45 0
4.72 39 0
4.74 34 0
4.75 5 0
4.77 13 0
4.77 47 0
4.79 20 0
4.79 44 0
4.80 28 0
4.84 46 0
4.85 41 0
4.87 35 0
4.89 45 0
4.90 40 0
4.92 45 0
4.94 11 0
4.94 40 0
4.95 35 0
4.95 47 0
4.97 29 0
4.97 43 0
4.99 39 0
4.99 47 0
5.00 7 0
5.00 44 0
5.02 38 0
5.04 27 0
5.04 46 0
5.05 44 0
5.07 44 0
5.10 38 0
5.10 47 0
5.12 44 0
5.14 39 0
5.15 34 0
5.17 28 0
5.19 21 0
5.30 44 0
5.32 36 0
5.35 9 0
5.35 46 0
5.37 20 0
5.37 41 0
5.39 46 0
5.40 39 0
5.40 46 0
5.42 40 0
5.49 -1 0
5.49 44 0
5.50 7 0
5.50 37 0
5.52 17 0
5.52 47 0
5.54 42 0
5.55 36 0
5.57 29 0
5.57 44 0
5.59 47 0
5.60 44 0
5.62 38 0
5.64 32 0
5.64 46 0
5.65 25 0
5.65 43 0
5.67 38 0
5.67 46 0
5.69 41 0
5.70 0 0
5.70 36 0
5.72 47 0
5.74 44 0
5.75 38 0
5.79 44 0
5.80 39 0
5.80 47 0
5.82 44 0
5.84 38 0
5.85 32 0
5.85 46 0
5.87 41 0
5.89 36 0
5.89 45 0
5.94 46 0
5.95 41 0
5.97 34 0
6.15 44 0
6.17 2 0
6.17 46 0
6.19 9 0
6.19 40 0
6.20 16 0
6.22 45 0
6.24 39 0
6.27 12 0
6.37 45 0
6.39 40 0
6.40 46 0
6.42 41 0
6.44 35 0
6.44 45 0
6.45 40 0
6.47 46 0
6.49 43 0
6.50 38 0
6.52 33 0
6.52 46 0
6.54 43 0
6.55 45 0
6.57 5 0
6.57 41 0
6.59 15 0
6.59 46 0
6.60 42 0
6.62 30 0
6.62 47 0
6.64 44 0
6.65 37 0
6.75 45 0
6.77 42 0
6.77 46 0
6.79 35 0
6.82 46 0
6.84 42 0
6.85 37 0
6.85 46 0
6.89 46 0
6.92 45 0
6.95 35 0
6.97 45 0
6.99 40 0
7.05 5 0
7.05 35 0
7.07 14 0
7.07 43 0
7.19 46 0
7.20 43 0
7.22 39 0
7.22 46 0
7.24 35 0
7.24 44 0
7.25 -2 0
7.25 40 0
7.27 5 0
7.27 36 0
7.27 46 0
7.29 14 0
7.29 31 0
7.29 43 0
7.30 39 0
7.30 46 0
7.32 6 0
7.32 6 0
7.32 29 0
7.32 34 0
7.32 47 0
7.34 37 0
7.34 45 0
7.35 42 0
7.37 38 0
7.39 34 0
7.39 47 0
7.40 45 0
7.42 43 0
7.45 46 0
7.47 43 0
7.49 13 0
7.49 39 0
7.49 46 0
7.50 42 0
7.52 38 0
7.52 46 0
7.54 33 0
7.54 38 0
7.54 42 0
7.55 39 0
7.55 46 0
7.57 45 0
7.59 41 0
7.59 47 0
7.60 36 0
7.60 45 0
7.62 41 0
7.64 37 0
7.64 42 0
7.64 46 0
7.65 32 0
7.65 43 0
7.67 26 0
7.67 38 0
7.69 14 0
7.69 46 0
7.70 7 0
7.70 44 0
7.72 -1 0
7.72 42 0
7.74 12 0
7.74 38 0
7.74 46 0
7.75 44 0
7.77 41 0
7.79 46 0
7.80 43 0
7.82 39 0
7.82 47 0
7.84 -1 0
7.84 44 0
7.85 40 0
7.87 35 0
7.87 45 0
7.89 42 0
7.90 36 0
7.90 47 0
7.92 45 0
7.94 41 0
7.95 11 0
7.95 36 0
7.95 46 0
7.97 44 0
7.99 39 0
7.99 47 0
8.00 33 0
8.00 45 0
8.02 36 0
8.02 41 0
8.04 28 0
8.04 46 0
8.05 21 0
8.05 42 0
8.07 13 0
8.07 45 0
8.09 6 0
8.09 40 0
8.09 46 0
8.10 35 0
8.10 43 0
8.12 30 0
8.12 39 0
8.15 46 0
8.17 42 0
8.19 36 0
8.19 46 0
8.20 22 0
8.20 31 0
8.20 43 0
8.22 26 0
8.22 46 0
8.24 44 0
8.27 45 0
8.29 42 0
8.30 37 0
8.32 46 0
8.34 43 0
8.37 47 0
8.39 17 0
8.39 45 0
8.40 -1 0
8.40 25 0
8.40 41 0
8.42 34 0
8.42 46 0
8.44 16 0
8.44 41 0
8.45 45 0
8.47 46 0
8.49 44 0
8.50 47 0
8.52 16 0
8.52 45 0
8.54 41 0
8.55 37 0
8.55 46 0
8.57 31 0
8.57 42 0
8.59 36 0
8.59 47 0
8.60 44 0
8.62 39 0
8.65 46 0
8.67 44 0
8.70 1 0
8.70 46 0
8.72 42 0
8.74 45 0
8.75 42 0
8.79 14 0
8.79 47 0
8.80 44 0
8.82 40 0
8.84 34 0
8.85 44 0
8.87 39 0
8.89 46 0
8.90 42 0
8.95 47 0
8.97 44 0
9.04 -0 0
9.07 14 0
9.09 21 0
9.09 47 0
9.10 28 0
9.10 44 0
9.12 33 0
9.12 39 0
9.14 34 0
9.14 39 0
9.14 46 0
9.15 42 0
9.17 2 0
9.17 37 0
9.17 46 0
9.19 43 0
9.20 47 0
9.22 44 0
9.24 40 0
9.25 45 0
9.27 42 0
9.29 38 0
9.29 46 0
9.30 32 0
9.30 43 0
9.32 39 0
9.32 44 0
9.34 5 0
9.35 15 0
9.37 26 0
9.39 35 0
9.39 47 0
9.40 44 0
9.42 1 0
9.42 46 0
9.44 11 0
9.44 42 0
9.45 4 0
9.45 35 0
9.45 45 0
9.47 28 0
9.49 47 0
9.50 44 0
9.52 39 0
9.54 45 0
9.55 40 0
9.57 33 0
9.57 45 0
9.62 38 0
9.62 45 0
9.64 0 0
9.64 41 0
9.65 46 0
9.69 47 0
9.70 45 0
9.72 1 0
9.72 41 0
9.74 9 0
9.74 36 0
9.75 19 0
9.75 45 0
9.77 29 0
9.77 42 0
9.79 36 0
9.79 47 0
9.80 42 0
9.82 35 0
9.82 47 0
9.84 28 0
9.84 44 0
9.85 19 0
9.85 39 0
9.87 10 0
9.87 34 0
9.89 0 0
9.89 44 0
9.90 37 0
9.92 30 0
9.92 45 0
9.94 0 0
9.94 38 0
9.95 47 0
9.97 43 0
9.99 36 0
10.00 39 0
10.02 45 0
10.04 47 0
10.05 42 0
10.07 46 0
10.09 42 0
10.10 36 0
10.10 46 0
10.12 41 0
10.19 47 0
10.20 42 0
10.22 28 0
10.22 36 0
10.24 46 0
10.25 40 0
10.27 33 0
10.29 47 0
10.30 44 0
10.32 39 0
10.39 46 0
10.40 39 0
10.42 47 0
10.44 43 0
10.45 37 0
10.45 46 0
10.47 41 0
10.49 36 0
10.50 29 0
10.57 45 0
10.59 -2 0
10.59 6 0
10.59 33 0
10.59 37 0
10.59 47 0
10.60 4 0
10.62 10 0
10.65 44 0
10.67 38 0
10.69 46 0
10.70 13 0
10.70 41 0
10.72 46 0
10.74 43 0
10.75 7 0
10.75 38 0
10.77 15 0
10.77 33 0
10.77 45 0
10.79 26 0
10.79 41 0
10.80 36 0
10.84 43 0
10.85 36 0
10.89 43 0
10.92 -1 0
10.95 47 0
10.97 43 0
10.99 37 0
11.00 1 0
11.00 47 0
11.02 12 0
11.02 44 0
11.04 38 0
11.05 32 0
11.05 46 0
11.07 41 0
11.09 46 0
11.10 -2 0
11.10 43 0
11.12 6 0
11.12 46 0
11.14 43 0
11.17 40 0
11.19 33 0
11.19 44 0
11.20 39 0
11.20 44 0
11.22 4 0
11.22 45 0
11.24 13 0
11.24 38 0
11.25 45 0
11.27 39 0
11.29 46 0
11.30 41 0
11.32 7 0
11.34 16 0
11.34 46 0
11.36 26 0
11.36 41 0
11.37 34 0
11.37 46 0
11.39 42 0
11.41 42 0
11.42 35 0
11.44 -0 0
11.46 44 0
11.47 15 0
11.47 46 0
11.49 0 0
11.49 24 0
11.49 40 0
11.51 9 0
11.51 32 0
11.51 45 0
11.52 25 0
11.52 42 0
11.54 46 0
11.56 15 0
11.56 45 0
11.57 -1 0
11.57 41 0
11.59 46 0
11.61 42 0
11.66 47 0
11.67 44 0
11.69 39 0
11.69 46 0
11.71 42 0
11.72 47 0
11.74 44 0
11.76 39 0
11.77 45 0
11.79 41 0
11.81 47 0
11.82 44 0
11.86 45 0
11.89 46 0
11.91 42 0
11.92 20 0
11.94 47 0
11.96 43 0
11.97 37 0
11.99 46 0
12.01 43 0
12.02 39 0
12.02 46 0
12.04 43 0
12.07 46 0
12.09 8 0
12.09 43 0
12.11 38 0
12.12 46 0
12.14 46 0
12.16 41 0
12.16 46 0
12.17 34 0
12.19 35 0
12.19 46 0
12.21 40 0
12.22 45 0
12.24 -1 0
12.24 38 0
12.26 31 0
12.29 18 0
12.31 45 0
12.32 12 0
12.32 40 0
12.36 45 0
12.37 8 0
12.37 40 0
12.39 34 0
12.39 44 0
12.41 2 0
12.41 40 0
12.42 33 0
12.46 45 0
12.47 -2 0
12.47 31 0
12.47 39 0
12.49 33 0
12.49 38 0
12.49 46 0
12.51 44 0
12.52 39 0
12.52 46 0
12.54 33 0
12.54 44 0
12.56 39 0
12.57 9 0
12.57 34 0
12.57 46 0
12.59 43 0
12.61 39 0
12.61 46 0
12.62 36 0
12.62 45 0
12.64 42 0
12.64 47 0
12.66 38 0
12.66 45 0
12.67 34 0
12.67 42 0
12.69 41 0
12.71 45 0
12.72 9 0
12.72 43 0
12.74 38 0
12.76 29 0
12.76 41 0
12.77 28 0
12.79 4 0
12.79 30 0
12.79 46 0
12.81 40 0
12.82 41 0
12.84 19 0
12.84 45 0
12.86 46 0
12.87 44 0
12.91 35 0
12.91 45 0
12.92 42 0
12.97 44 0
12.99 38 0
13.04 5 0
13.06 45 0
13.07 39 0
13.11 41 0
13.12 46 0
13.14 39 0
13.17 47 0
13.19 43 0
